"Ductile Iron (SN) ,120000000000,0.31,7900,77000000000,861695000,551485000,0.000011,450,75"
"KTH300-06 (GB) ,190000000000,0.27,7300,86000000000,300000000,0,0.000012,510,47"
"KTH350-10 (GB) ,190000000000,0.27,7300,86000000000,350000000,200000000,0.000012,510,47"
"KTZ450-06 (GB) ,190000000000,0.27,7300,86000000000,450000000,270000000,0.000012,510,47"
"KTZ550-04 (GB) ,190000000000,0.27,7300,86000000000,550000000,340000000,0.000012,510,47"
"KTZ650-02 (GB) ,190000000000,0.27,7300,86000000000,650000000,430000000,0.000012,510,47"
"KTZ700-02 (GB) ,190000000000,0.27,7300,86000000000,700000000,530000000,0.000012,510,47"
"KTB350-04 (GB) ,120000000000,0.31,7900,77000000000,350000000,0,0.000011,450,75"
"KTB380-12 (GB) ,120000000000,0.31,7900,77000000000,380000000,170000000,0.000011,450,75"
"KTB400-05 (GB) ,120000000000,0.31,7900,77000000000,440000000,220000000,0.000011,450,75"
"KTB450-07 (GB) ,120000000000,0.31,7900,77000000000,450000000,260000000,0.000011,450,75"
"Gray Cast Iron (SN) ,66178100000,0.27,7200,50000000000,151658000,0,0.000012,510,45"
"HT100 (GB) ,108000000000,0.123,7100,48000000000,150000000,0,0.0000082,510,45"
"HT150 (GB) ,116000000000,0.194,7000,48600000000,150000000,0,0.0000101,510,45"
"HT200 (GB) ,148000000000,0.31,7200,56600000000,200000000,0,0.00001098,510,45"
"HT250 (GB) ,138000000000,0.156,7280,59800000000,250000000,0,0.0000082,510,45"
"HT300 (GB) ,143000000000,0.27,7300,56600000000,300000000,0,0.00001122,510,45"
"HT350 (GB) ,145000000000,0.27,7300,56600000000,350000000,0,0.00001122,510,45"
"Malleable Cast Iron ,190000000000,0.27,7300,86000000000,413613000,275742000,0.000012,510,47"
"QT400-15 ,161000000000,0.274,7010,63200000000,400000000,250000000,0.0000129,510,47"
"QT400-18 ,161000000000,0.274,7010,63200000000,400000000,250000000,0.0000129,510,47"
"QT450-10 ,169000000000,0.257,7060,67600000000,450000000,310000000,0.0000101,510,47"
"QT500-7 ,162000000000,0.293,7000,62700000000,500000000,320000000,0.0000091,510,47"
"QT600-3 ,169000000000,0.286,7120,65600000000,600000000,370000000,0.0000118,510,47"
"QT700-2 ,169000000000,0.305,7090,64700000000,700000000,420000000,0.0000108,510,47"
"QT800-2 ,174000000000,0.27,7300,68400000000,800000000,480000000,0.0000101,510,47"
"QT900-2 ,181000000000,0.27,7180,71000000000,900000000,600000000,0.000011,510,47"
"Q195 ,212000000000,0.286,7690,82400000000,350000000,195000000,0.0000088,440,43"
"Q215 ,212000000000,0.288,7690,82500000000,350000000,215000000,0.0000088,440,43"
"Q235-A(F) ,208000000000,0.277,7860,81400000000,390000000,235000000,0.0000087,440,43"
"Q235-A ,212000000000,0.288,7860,82300000000,390000000,235000000,0.000012,440,43"
"Q235-B ,210000000000,0.274,7830,82400000000,390000000,235000000,0.000008,440,43"
"Q255 ,210000000000,0.274,7830,82400000000,450000000,255000000,0.000008,440,43"
"Q275 ,210000000000,0.274,7830,82400000000,490000000,250000000,0.000008,440,43"
"08F ,219000000000,0.267,7830,86200000000,295000000,175000000,0.0000087,440,48"
"8,211000000000,0.279,7820,82500000000,295000000,175000000,0.0000122,440,48"
"10F ,212000000000,0.27,7850,82600000000,315000000,185000000,0.0000125,440,48"
"10,210000000000,0.27,7860,82600000000,315000000,185000000,0.0000126,440,48"
"15F ,212000000000,0.288,7850,82400000000,355000000,205000000,0.00001188,440,48"
"15,213000000000,0.289,7850,82600000000,375000000,225000000,0.00001187,440,48"
"20,213000000000,0.282,7800,83100000000,410000000,245000000,0.00001192,440,48"
"20G ,211000000000,0.286,7800,82310000000,425000000,245000000,0.00001239,440,48"
"20g ,211000000000,0.286,7800,82300000000,400000000,245000000,0.00001239,440,48"
"25,206000000000,0.281,7850,80400000000,450000000,275000000,0.000011,440,48"
"30,217000000000,0.317,7860,82000000000,490000000,295000000,0.0000108,440,48"
"35,212000000000,0.291,7870,82100000000,530000000,315000000,0.00001245,440,48"
"40,209000000000,0.27,7810,82300000000,570000000,335000000,0.000009,440,48"
"45,209000000000,0.269,7890,82300000000,600000000,355000000,0.0000117,450,48"
"50,207000000000,0.276,7860,81100000000,630000000,375000000,0.00001206,450,48"
"55,217000000000,0.27,7830,85300000000,645000000,380000000,0.0000099,450,48"
"60,212000000000,0.264,8500,84000000000,675000000,400000000,0.0000096,450,48"
"70,206000000000,0.304,7810,79000000000,715000000,420000000,0.0000115,450,48"
"80,216000000000,0.31,7850,79500000000,1080000000,930000000,0.0000118,450,48"
"15Mn ,210000000000,0.28,8000,80000000000,410000000,245000000,0.000013,450,48"
"16Mn ,212000000000,0.31,7870,80700000000,420000000,250000000,0.0000128,450,48"
"25Mn ,210000000000,0.28,8000,80000000000,490000000,295000000,0.000013,450,48"
"35Mn ,210000000000,0.28,8000,80000000000,560000000,335000000,0.000013,450,48"
"45Mn ,210000000000,0.28,8000,80000000000,620000000,375000000,0.000013,450,48"
"60Mn ,210000000000,0.288,7820,81900000000,695000000,410000000,0.0000121,450,48"
"65Mn ,211000000000,0.288,7820,81900000000,735000000,430000000,0.000012,450,48"
"70Mn ,215000000000,0.29,7840,82000000000,785000000,450000000,0.0000119,450,48"
"T2 ,137000000000,0.31,8980,52000000000,715000000,420000000,0.00001728,450,48"
"T3 ,107900000000,0.35,8910,44100000000,715000000,420000000,0.00001692,450,48"
"T7 ,210000000000,0.275,7900,80000000000,715000000,420000000,0.000013,450,48"
"T8 ,223000000000,0.277,7840,87200000000,1080000000,930000000,0.0000106,450,48"
"T8Mn ,210000000000,0.275,7900,80000000000,1080000000,930000000,0.000013,450,48"
"T9 ,210000000000,0.275,7900,80000000000,1130000000,980000000,0.000013,450,48"
"T10 ,210000000000,0.275,7900,80000000000,1150000000,990000000,0.000013,450,48"
"ZG230-450 (GB) ,211000000000,0.311,7830,80400000000,482549000,248168000,0.0000096,500,30"
"ZG20SiMn (GB) ,211000000000,0.29,7860,82100000000,482549000,248168000,0.00001265,500,30"
"ZG40Cr (GB) ,215000000000,0.27,7720,84210000000,482549000,248168000,0.000012265,500,30"
"Q295 ,206000000000,0.28,7850,79000000000,390000000,295000000,0.000013,460,44"
"Q345 ,206000000000,0.28,7850,79000000000,470000000,345000000,0.000013,460,44"
"Q390 ,206000000000,0.28,7850,79000000000,490000000,390000000,0.000013,460,44"
"Q420 ,206000000000,0.28,7850,79000000000,520000000,420000000,0.000013,460,44"
"Q460 ,206000000000,0.28,7850,79000000000,550000000,460000000,0.000013,460,44"
"4140,200000000000,0.29,7830,76000000000,795000000,610000000,0.0000118,460,44"
"20Cr ,207000000000,0.254,7830,82500000000,835000000,540000000,0.0000113,460,44"
"30Cr ,206000000000,0.29,7820,79000000000,885000000,685000000,0.000013,460,44"
"40Cr ,211000000000,0.277,7870,82800000000,980000000,785000000,0.00001199,460,44"
"45Cr ,206000000000,0.29,7820,79000000000,1030000000,835000000,0.000013,460,44"
"50Cr ,206000000000,0.29,7820,79000000000,1080000000,930000000,0.000013,460,44"
"15CrMo ,212000000000,0.284,7880,82500000000,440000000,295000000,0.00001337,460,44"
"20CrMo ,210000000000,0.278,7840,82200000000,885000000,685000000,0.0000127,460,44"
"20CrMoH ,210000000000,0.278,7840,82200000000,1258000000,1079000000,0.0000127,460,44"
"25Cr2MoV ,211000000000,0.3,7620,81000000000,1090000000,1042000000,0.0000118,460,44"
"25Cr2MoVA ,211000000000,0.3,7620,81000000000,930000000,785000000,0.0000118,460,44"
"25Cr3Mo3VNb# ,220000000000,0.28,7810,85500000000,885000000,685000000,0.00001007,460,44"
"30CrMo ,211000000000,0.279,7850,82200000000,9300000000,785000000,0.0000127,460,44"
"35CrMo ,213000000000,0.286,7870,82400000000,980000000,835000000,0.0000125,460,44"
"42CrMo ,212000000000,0.28,7850,82500000000,1080000000,930000000,0.00001243,460,44"
"7Cr7Mo3V2Si# ,225000000000,0.36,7720,82200000000,1080000000,930000000,0.0000111,460,44"
"9Cr2Mo# ,236000000000,0.3,7810,90700000000,1080000000,930000000,0.0000115,460,44"
"Cr12MoV ,218000000000,0.28,7850,85300000000,920000000,750000000,0.0000104,460,44"
"Cr4Mo4V# ,218000000000,0.29,7870,84100000000,1080000000,930000000,0.00001088,460,44"
"CrWMn ,220000000000,0.29,7930,85600000000,925000000,750000000,0.00001172,460,44"
"20CrMnMo ,207000000000,0.254,7870,82500000000,1175000000,885000000,0.0000112,460,44"
"40CrMnMo ,207000000000,0.254,7870,82500000000,9800000000,785000000,0.0000112,460,44"
"20CrMnTi ,212000000000,0.289,7860,81700000000,1080000000,835000000,0.0000127,460,44"
"30CrMnTi ,205000000000,0.25,7850,82000000000,1470000000,121000000,0.00001072,460,44"
"20CrMnSi ,210000000000,0.276,7800,82300000000,785000000,635000000,0.0000129,460,44"
"40CrMnSiMoV ,193000000000,0.26,7780,81000000000,1988000000,1945000000,0.0000125,460,44"
"5Cr21Mn9Ni2N ,205000000000,0.265,7730,81000000000,1090000000,598000000,0.0000168,460,44"
"5Cr21Mn9Ni12N ,198000000000,0.27,7730,77600000000,870000000,464000000,0.0000185,460,44"
"20CrNiMo ,208000000000,0.295,7870,80900000000,980000000,785000000,0.0000128,460,44"
"20CrNi2MoA ,210000000000,0.275,7870,85000000000,1150000000,835000000,0.00001072,460,44"
"2Cr12NiMoWV ,216000000000,0.27,7840,84400000000,885000000,735000000,0.00001038,460,44"
"28CrNiMoV# ,214000000000,0.28,7870,82900000000,1150000000,835000000,0.000012,460,44"
"30Cr2Ni4MoV# ,204000000000,0.286,7860,79400000000,1150000000,835000000,0.0000117,460,44"
"40CrNiMo ,209000000000,0.295,7870,80700000000,980000000,800000000,0.0000128,460,44"
"40CrNiMoA ,209000000000,0.295,7870,80700000000,980000000,835000000,0.0000128,460,44"
"45CrNiMoV ,214000000000,0.29,7830,82800000000,1553000000,1374000000,0.00001211,460,44"
"45CrNiMoVA ,214000000000,0.29,7830,82800000000,1470000000,1325000000,0.00001211,460,44"
"10Cr2Mo1# ,201000000000,0.291,7830,79800000000,1250000000,1050000000,0.0000111,0,0"
"10Cr9Mo1VNb# ,220000000000,0.29,7780,85000000000,1250000000,1050000000,0.0000117,0,0"
"10CrMo910# ,216000000000,0.283,7870,84200000000,1250000000,1050000000,0.0000122,0,0"
"12Cr1MoV ,214000000000,0.286,7860,83500000000,450000000,255000000,0.00001303,0,0"
"12Cr1MoVTiB# ,210000000000,0.27,7830,82000000000,1250000000,1050000000,0.00001269,0,0"
"12Cr3MoVSiTiB# ,218000000000,0.27,7780,86100000000,1250000000,1050000000,0.00001216,0,0"
"12CrNi3 ,212000000000,0.31,7840,80900000000,930000000,685000000,0.0000119,0,0"
"12Cr2Ni4 ,207000000000,0.298,7840,79700000000,1080000000,835000000,0.00001289,0,0"
"12Cr2Ni4H ,207000000000,0.298,7840,79700000000,1080000000,835000000,0.00001289,0,0"
"12Cr2Ni4HA ,207000000000,0.298,7840,79700000000,1080000000,835000000,0.00001289,0,0"
"12Cr18Ni9# ,184000000000,0.243,7920,74000000000,1250000000,1050000000,0.0000155,0,0"
"12Cr11MoV# ,217000000000,0.27,7810,85100000000,1250000000,1050000000,0.0000107,0,0"
"12Cr12Mo# ,219000000000,0.31,7750,79000000000,1250000000,1050000000,0.0000104,0,0"
"1Cr13 ,216000000000,0.28,7770,84100000000,540000000,345000000,0.0000113,0,0"
"1Cr18Ni9 ,184000000000,0.243,7920,74000000000,520000000,250000000,0.0000155,0,0"
"18Cr2Ni4W ,202000000000,0.27,7910,79400000000,1039000000,952000000,0.0000124,0,0"
"18Cr2Ni4WA ,202000000000,0.27,7910,79400000000,1175000000,835000000,0.0000124,0,0"
"20CrMoVNbTiB# ,213000000000,0.27,7880,84000000000,1250000000,1050000000,0.00001234,0,0"
"20CrMo1VTiB# ,213000000000,0.279,7880,83800000000,1250000000,1050000000,0.0000126,0,0"
"4Cr3Mo2MnSiVNbB# ,218000000000,0.29,7820,84100000000,1250000000,1050000000,0.0000103,0,0"
"4Cr5Mo2MnVSi# ,221000000000,0.29,7770,86300000000,1250000000,1050000000,0.00001,0,0"
"20CrNi4A# ,207000000000,0.29,7880,80400000000,1250000000,1050000000,0.00001211,0,0"
"3Cr2W8V ,226000000000,0.31,8350,86000000000,920000000,750000000,0.0000121,0,0"
"16MnCr5 ,211000000000,0.28,7890,82600000000,1313000000,1187000000,0.00001259,460,44"
"16Mng# ,208000000000,0.26,7850,82000000000,785000000,450000000,0.0000137,450,48"
"16Mnl# ,212000000000,0.31,7870,80700000000,785000000,450000000,0.0000128,450,48"
"16MnR# ,209000000000,0.28,7850,82000000000,785000000,450000000,0.0000126,450,48"
"19Mn5 ,202000000000,0.27,7910,79400000000,559000000,382000000,0.0000124,450,48"
"35Mn2 ,206000000000,0.3,7650,79300000000,835000000,685000000,0.0000122,450,48"
"40MnB ,209000000000,0.28,7870,81400000000,980000000,785000000,0.0000122,450,48"
"40MnBH ,209000000000,0.28,7870,81400000000,980000000,785000000,0.0000122,450,48"
"40MnBHA ,209000000000,0.28,7870,81400000000,980000000,785000000,0.0000122,450,48"
"45Mn2 ,204000000000,0.23,7800,82800000000,885000000,735000000,0.0000113,450,48"
"20MnCr5 ,209000000000,0.28,7810,82100000000,1482000000,1232000000,0.00001305,450,48"
"25MnCr5# ,210000000000,0.28,7830,82000000000,1587000000,1213000000,0.00001244,450,48"
"28MnCr5 ,212000000000,0.28,7850,82800000000,1307000000,982000000,0.00001196,450,48"
"20MnMoB ,212000000000,0.27,7900,83100000000,1080000000,885000000,0.0000125,450,48"
"20MnMoBH ,212000000000,0.27,7900,83100000000,1080000000,885000000,0.0000125,450,48"
"20MnMoBHA ,212000000000,0.27,7900,83100000000,1080000000,885000000,0.0000125,450,48"
"20MnTiBRE# ,205000000000,0.25,7850,82000000000,785000000,450000000,0.0000105,450,48"
"20MnVB ,207000000000,0.256,7870,82600000000,1080000000,885000000,0.000011205,450,48"
"20MnVBH ,207000000000,0.256,7870,82600000000,1080000000,885000000,0.000011205,450,48"
"20MnVBHA ,207000000000,0.256,7870,82600000000,1080000000,885000000,0.000011205,450,48"
"20Ni2Mo ,206000000000,0.3,7620,79300000000,651000000,485000000,0.0000115,450,48"
"19CN5 ,213000000000,0.29,7850,82000000000,1447000000,1003000000,0.0000129,450,48"
"13MnNiMoNB# ,210000000000,0.28,7830,81900000000,1250000000,1050000000,0.0000115,0,0"
"14MnMoVBRE ,206000000000,0.25,7870,82100000000,762000000,522000000,0.0000126,0,0"
"15MnV ,213000000000,0.283,7840,83000000000,885000000,635000000,0.0000127,460,44"
"ML15MnV ,213000000000,0.283,7840,83000000000,1079000000,883000000,0.0000127,460,44"
"53CaS ,211000000000,0.27,7830,83000000000,791000000,585000000,0.0000164,460,44"
"55Si2Mn ,207000000000,0.27,7730,81300000000,1274000000,1176000000,0.00001184,460,44"
"55Si2MnB ,207000000000,0.27,7730,81300000000,1274000000,1176000000,0.00001184,460,44"
"55SiMnVB ,209000000000,0.28,7860,81700000000,1372000000,1225000000,0.00001176,460,44"
"55Tis# ,210000000000,0.285,7730,81700000000,885000000,685000000,0.00001221,460,44"
"60Si2Mn ,206000000000,0.29,7740,79900000000,1274000000,1176000000,0.0000126,460,44"
"60Si2MnA ,206000000000,0.29,7740,79900000000,1568000000,1372000000,0.0000126,460,44"
"BHW35# ,209000000000,0.29,7840,80900000000,885000000,685000000,0.0000126,460,44"
"K409# ,196000000000,0.22,8180,81000000000,885000000,685000000,0.0000122,460,44"
"K438# ,207000000000,0.27,8160,82000000000,885000000,685000000,0.0000098,460,44"
"GCr15 ,219000000000,0.3,7830,84700000000,1617000000,0,0.00001203,460,44"
"GCr15A ,219000000000,0.3,7830,84700000000,1902000000,0,0.00001203,460,44"
"GCr15SiMn ,216000000000,0.3,7820,83200000000,1831000000,0,0.000012,460,44"
"GCr15SiMnA ,216000000000,0.3,7820,83200000000,1906000000,0,0.000012,460,44"
"Ni-Cr-Co-Fe# ,221000000000,0.29,8190,83000000000,885000000,685000000,0.0000109,460,44"
"X20CrNiMoV121# ,221000000000,0.27,7700,87300000000,885000000,685000000,0.0000114,460,44"
"YF45MnV ,212000000000,0.28,7840,82600000000,886000000,587000000,0.0000102,460,44"
"ZG15Cr1Mo# ,207000000000,0.29,7830,79300000000,885000000,685000000,0.00001404,460,44"
"ZG15Cr1Mo1V# ,215000000000,0.281,7810,83900000000,885000000,685000000,0.0000126,460,44"
"ZG15Cr2Mo# ,213000000000,0.279,7880,83300000000,885000000,685000000,0.00001315,460,44"
"ZG1Cr13# ,219000000000,0.281,7720,85500000000,885000000,685000000,0.00001022,460,44"
"G20CrNi2Mo ,205000000000,0.29,7880,79300000000,980000000,0,0.00001218,460,44"
"G20CrNi2MoA ,205000000000,0.29,7880,79300000000,980000000,0,0.00001218,460,44"
"G20CrNi4A# ,198000000000,0.27,7880,77700000000,885000000,0,0.00001239,460,44"
"G20CrNiMo ,213000000000,0.292,7800,82400000000,1176000000,0,0.00001208,460,44"
"G20CrNiMoA ,213000000000,0.292,7800,82400000000,1176000000,0,0.00001208,460,44"
"00Cr17Ni14Mo2 (GB) ,206000000000,0.28,8000,80300000000,500000000,250000000,0.0000167,500,16"
"0Cr13Al ,200000000000,0.28,7800,77000000000,410000000,177000000,0.000011,460,18"
"0Cr18Ni9 (GB) ,204000000000,0.285,7930,79400000000,520000000,205000000,0.0000167,500,16"
"0Cr17Ni4Cu4Nb (GB) ,213000000000,0.27,7780,77300000000,1000000000,865000000,0.0000111,500,16"
"0Cr18Ni12Mo2Ti (GB) ,192999997366.672,0.27,8000.000133,0,530000000,205000000,0.000016,499.999993,16.3"
"0Cr18Ni9Cu3 (GB) ,192999997366.672,0.27,8000.000133,0,480000000,177000000,0.000017,499.999993,16.1"
"0Cr18Ni13Si4 (GB) ,195000000983.245,0.27,8000.000133,77000001342.9146,520000000,205000000,0.000017,499.999993,16.3"
"1Cr17Mn6Ni5N(GB) ,207000000000,0.27,7859.9999,0,520000000,275000000,0.000017,501.99998,16.3"
"ZG20Cr13 ,190000000000,0.26,7700,79000000000,588000000,392000000,0.000015,520,37"
"ZG0Cr13Ni6Mo# ,203000000000,0.291,7730,78600000000,588000000,392000000,0.00001078,520,37"
"Bronze ,110000000000,0.3,7400,43000000000,551485000,275742000,0.000017,380,56"
"QBe1.7 ,115000000000,0.3,8260,50000000000,483000000,221000000,0.0000167,0,118"
"QBe2 ,125000000000,0.3,8250,50000000000,469000000,172000000,0.0000167,0,105"
"H90 ,100000000000,0.33,8500,37000000000,448413000,239689000,0.000018,390,110"
"HPb63-3 ,105000000000,0,8500,39000000000,338000000,117000000,0.0000203,0,115"
"QCr0.5-0.2-0.1 ,130000000000,0,8890,50000000000,234000000,97000000,0.0000176,0,171"
"QCd-1 ,110000000000,0.37,8900,40000000000,394380000,258646000,0.000024,390,390"
"QMn5 ,110000000000,0.37,8300,39000000000,448081000,206807000,0.000022,380,9.6"
"QSn4-3 ,1100000000000,0.33,8800,37000000000,261955000,110297000,0.000018,380,47"
"QSn6.5-0.4 ,110000000000,0,8780,41000000000,455000000,193000000,0.0000184,0,50"
"ZChPbSB16-16-2# ,36200000000,0.32,9280,13700000000,261955000,110297000,0.0000233,380,47"
"ZChSnSb11-6# ,58800000000,0.36,7170,13700000000,261955000,110297000,0.0000226,380,47"
"ZChSnSb8-4# ,55900000000,0.36,7160,13700000000,261955000,110297000,0.0000223,380,47"
"ZCuAL10Fe3# ,119000000000,0.33,7750,44900000000,261955000,110297000,0.00001702,380,47"
"ZCuAL10Fe3Mn2# ,108000000000,0.3,7550,41000000000,261955000,110297000,0.00001694,380,47"
"ZCuPb30 ,82000000000,0.32,9620,31000000000,950000000,0,0.0000195,380,47"
"ZCuSn5Pb5Zn5 ,85300000000,0.32,8410,32400000000,250000000,110000000,0.0000178,380,47"
"AL-1# ,69580000000,0.31,2700,2700000000,885000000,685000000,0.0000236,460,44"
"LC4# ,75000000000,0.35,2820,2760000000,885000000,685000000,0.00002428,460,44"
"LD5# ,75500000000,0.4,2770,2692000000,885000000,685000000,0.00002364,460,44"
"LD9# ,74000000000,0.34,2800,28000000000,420507000,317104000,0.000022,1000,150"
"LD10# ,74800000000,0.35,2820,2840000000,885000000,685000000,0.00002274,460,44"
"LY12# ,74200000000,0.36,2850,2730000000,885000000,685000000,0.00002384,460,44"
"ZALSi12# ,77500000000,0.33,2570,2840000000,885000000,685000000,0.0000233,460,44"
"ZALSi9Mg# ,72520000000,0.32,2500,2744000000,885000000,685000000,0.0000212,460,44"
"1050 (GB) ,69000000000,0.33,2700,27000000000,68935600,27574200,0.000024,900,200"
"1050-O (GB) ,69000000000,0.33,2705,26000000000,60000000,30000000,0.000024,900,234"
"1050-H12 (GB) ,69000000000,0.33,2705,26000000000,80000000,70000000,0.0000236,900,230"
"1050-H12 Rod (GB) ,69000000000,0.33,2705,26000000000,80000000,57000000,0.000024,900,230"
"1050-H14 (GB) ,69000000000,0.33,2705,26000000000,95000000,80000000,0.0000236,900,230"
"1050-H16 (GB) ,69000000000,0.33,2705,26000000000,1200000000,105000000,0.0000236,900,230"
"1050-H18 (GB) ,69000000000,0.33,2705,26000000000,125000000,100000000,0.0000236,900,230"
"1050-H18 Rod (GB) ,69000000000,0.33,2705,26000000000,125000000,108000000,0.000024,900,230"
"1200-O Rod (GB) ,68900000000,0.33,2710,26000000000,89600000,34500000,0.000024,904.00002,222"
"1200-H12 Rod (GB) ,68899999795.8328,0.33,2710.000001,26000000131.0994,109999998.963554,99284505.021619,0.000024,904.000021,219.999998"
"1200-H16 Rod (GB) ,68899999795.8328,0.33,2709.86221,26000000131.0994,130000000.655497,122726679.81839,0.000024,904.000021,219.999998"
"1200-H26 Rod (GB) ,69000000666.1372,0.33,2704.999986,26000000131.0994,130000000.655497,118589825.44249,0,900.000005,229.999998"
"1145 (GB) ,69000000000,0.33,2700,27000000000,82722700,27574200,0.000024,1000,230"
"2014 Alloy (GB) ,73000000000,0.33,2800,28000000000,165445000,96509800,0.000023,960,160"
"2014-O (GB) ,72400000000,0.33,2800,28000000000,205000000,95000000,0.000023,880,192"
"2014-T4 (GB) ,72400000000,0.33,2800,28000000000,425000000,290000000,0.000023,880,134"
"2014-T6 (GB) ,72400000000,0.33,2800,28000000000,440000000,395000000,0.000023,880,155"
"2014-H112 (GB) ,72400000000,0.33,2800,28000000000,440000000,395000000,0.000023,880,155"
"2014-T62 (GB) ,72400000000,0.33,2800,28000000000,460000000,405000000,0.000023,880,155"
"2A90 (GB) ,74000000000,0.33,2800,27000000000,420507000,317104000,0.000022,1000,150"
"2024 (GB) ,73000000000,0.33,2800,28000000000,186126000,758291000,0.000023,800,140"
"2024-O (GB) ,72400000000,0.33,2780,28000000000,185000000,75000000,0.0000232,875,193"
"2024-T3 (GB) ,72400000000,0.33,2780,28000000000,405000000,275000000,0.0000232,875,120"
"2024-T4 (GB) ,72400000000,0.33,2780,28000000000,400000000,260000000,0.0000232,875,120"
"2219-O (GB) ,72000000000,0.33,2840,27000000000,170000000,70000000,0.0000223,864,170"
"2219-T31 (GB) ,72000000000,0.33,2840,27000000000,360000000,250000000,0.0000223,864,116"
"2219-T37 (GB) ,72000000000,0.33,2840,27000000000,395000000,315000000,0.0000223,864,116"
"2219-T62 (GB) ,72000000000,0.33,2840,27000000000,415000000,290000000,0.0000223,864,120"
"2219-T81 (GB) ,72000000000,0.33,2840,27000000000,455000000,350000000,0.0000223,864,120"
"2219-T87 (GB) ,72000000000,0.33,2840,27000000000,475000000,395000000,0.0000223,864,120"
"2618-T61 (GB) ,74499996822.1984,0.33,2760.000003,26999999870.9587,440999997.662501,371999996.996363,0.000022,874.999999,145.999999"
"3003 Alloy (GB) ,69000000000,0.33,2700,27000000000,110297000,41361300,0.000023,1000,170"
"3003-O (GB) ,69000000000,0.33,2730,25000000000,110000000,40000000,0.0000232,893,193"
"3003-O, Rod (GB) ,69000000666.1372,0.33,2730.000002,24999999701.7643,105000000,36000000,0.000023,893.000008,193.000002"
"3003-H12 (GB) ,69000000000,0.33,2730,25000000000,130000000,125000000,0.0000232,893,162"
"3003-H12, Rod (GB) ,69000000666.1372,0.33,2730.000002,24999999701.7643,130000000.655497,124999998.508822,0.000023,893.000008,161.999999"
"3003-H14 (GB) ,69000000000,0.33,2730,25000000000,150000000,145000000,0.0000232,893,159"
"3003-H14, Rod (GB) ,69000000666.1372,0.33,2730.000002,24999999701.7643,150000002.347441,145000000.200765,0.000023,893.000008,159.000002"
"3003-H16 (GB) ,69000000000,0.33,2730,25000000000,180000000,170000000,0.0000232,893,157"
"3003-H18 (GB) ,69000000000,0.33,2730,25000000000,200000000,185000000,0.0000232,893,155"
"3003-H18, Rod (GB) ,69000000666.1372,0.33,2730.000002,24999999701.7643,200000003.129921,184999996.689895,0.000023,893.000008,155.000002"
"3004-H34, Rod (GB) ,68899999795.8328,0.35,2720.000001,24999999701.7643,241000001.427337,200000003.129921,0.000024,893.000008,163.000002"
"3004-O, Rod (GB) ,68899999795.8328,0.35,2720.000001,24999999701.7643,178999999.629691,69000000.666137,0.000024,893.000008,163.000002"
"4032-T6 (GB) ,79000000000,0.34,2680,26000000000,380000000,315000000,0.0000194,850,138"
"5A03-O (GB) ,70000000000,0.33,2680,25900000000,195000000,90000000,0.0000238,880,137"
"5A03-O, Rod (GB) ,70000002474.4237,0.33,2679.999999,25899999950.2707,195000000.983246,72394951.578264,0.000024,880.000008,137.000003"
"5A03-H32 (GB) ,70000000000,0.33,2680,25900000000,230000000,195000000,0.0000238,880,137"
"5A03-H34 (GB) ,70000000000,0.33,2680,25900000000,2250000000,215000000,0.0000238,880,137"
"5A03-H36 (GB) ,70000000000,0.33,2680,25900000000,275000000,240000000,0.0000238,880,127"
"5A03-H38 (GB) ,70000000000,0.33,2680,25900000000,290000000,255000000,0.0000238,880,137"
"5A03-H38, Rod (GB) ,70000002474.4237,0.33,2679.999999,25899999950.2707,285000000.401531,245999999.164319,0.000024,880.000008,137.000003"
"5154A-O, Rod (GB) ,70300000259.0067,0.33,2659.999998,25899999950.2707,241000001.427337,139274097.321994,0.000024,900.000005,125.000003"
"5086-H32, Rod (GB) ,70999997387.9529,0.33,2659.999998,26400000164.9382,290000000.401531,68947572.93168,0.000024,900.000005,125.000003"
"5554-O (GB) ,70000000000,0.33,2690,26000000000,250000000,115000000,0.0000236,900,134"
"5554-H32 (GB) ,70000000000,0.33,2690,26000000000,275000000,205000000,0.0000236,900,134"
"5554-H34 (GB) ,70000000000,0.33,2690,26000000000,305000000,240000000,0.0000236,900,134"
"5554-H111 (GB) ,70000000000,0.33,2690,26000000000,260000000,180000000,0.0000236,900,134"
"5554-H112 (GB) ,70000000000,0.33,2690,26000000000,250000000,125000000,0.0000236,900,134"
"6061 Alloy  (GB) ,69000000000,0.33,2700,26000000000,124084000,55148500,0.000024,1300,170"
"6061-O (GB) ,69000000666.1372,0.33,2700,26000000131.0994,124999998.508822,62052815.638512,0.000024,895.999989,179.999998"
"6061-T4 (GB) ,69000000666.1372,0.33,2700,26000000131.0994,239999999.619051,227526990.674544,0.000024,895.999989,153.999999"
"6061-T6 (GB) ,69000000666.1372,0.33,2700,26000000131.0994,310000002.093474,275000000.856262,0.000024,895.999989,166.9"
"6063-O (GB) ,69000000000,0.33,2700,25800000000,90000000,50000000,0.0000234,900,218"
"6063-O, Extruded Rod (GB) ,69000000666.1372,0.33,2700,25799999769.4421,89999997.27161,41368543.759008,0.000023,900.000005,217.999998"
"6063-T1 (GB) ,69000000000,0.33,2700,25800000000,150000000,90000000,0.0000234,900,193"
"6063-T4 (GB) ,69000000000,0.33,2700,25800000000,170000000,90000000,0.0000234,900,200"
"6063-T5 (GB) ,69000000000,0.33,2700,25800000000,185000000,145000000,0.0000234,900,209"
"6063-T6 (GB) ,69000000000,0.33,2700,25800000000,240000000,215000000,0.0000234,900,209"
"6063-T6, Rod (GB) ,69000000666.1372,0.33,2700,25799999769.4421,239999999.619051,215000002.675189,0.000023,900.000005,209.000002"
"6063-T83 (GB) ,69000000000,0.33,2700,25800000000,255000000,240000000,0.0000234,900,201"
"7075-O (GB) ,71999999196.2394,0.33,2810.000061,26899999690.13,219999997.927107,94999999.418285,0.000024,959.999994,173.000002"
"7075-T6 (GB) ,72000000000,0.33,2810,26900000000,570000000,505000000,0.0000236,960,130"
"7075-T6, Plate (GB) ,71999999196.2394,0.33,2810.000061,26899999690.13,570000003.404469,505000003.07672,0.000024,959.999994,129.999999"
"7A10 (GB) ,72000000000,0.33,2700,27000000000,0,505000000,0.000025,960,120"
"1023 Carbon Steel Sheet #(SS) ,204999998381.838,0.29,7858.000032,79999999873.0168,425000003.203703,282685049.019888,0.000012,486,52"
"201 Annealed Stainless Steel (SS) ,207000000000,0.27,7859.9999,0,685000000,292000000,0.000017,501.99998,16.3"
"AISI 1015 Steel, Cold Drawn (SS) ,205000000000,0.29,7870,80000000000,385000000,325000000,0.000012,486,52"
"AISI 1035 Steel (SS) ,204999998381.838,0.29,7849.999987,79999999873.0168,585000002.949737,282685049.019888,0.000011,486,52"
"AISI 1020 ,200000000000,0.29,7900,77000000000,420507000,351571000,0.000015,420,47"
"AISI 1010 Steel, hot rolled bar ,200000000000,0.29,7870,80000000000,325000000,180000000,0.0000122,448,51.9"
"AISI 1020 Steel, Cold Rolled ,205000000000,0.29,7870,80000000000,420000000,350000000,0.0000117,486,51.9"
"AISI 1045 Steel, cold drawn ,205000000000,0.29,7850,80000000000,625000000,530000000,0.0000115,486,49.8"
"AISI 304 ,190000000000,0.29,8000,75000000000,517017000,206807000,0.000018,500,16"
"AISI 316 Annealed Stainless Steel Bar (SS) ,192999997366.672,0.3,8000.000133,0,550000001.712525,137895145.86336,0.000016,499.999993,16.3"
"AISI 316 Stainless Steel Sheet (SS) ,192999997366.672,0.27,8000.000133,0,580000000.803062,172368932.3292,0.000016,499.999993,16.3"
"AISI 321 Annealed Stainless Steel (SS) ,192999997366.672,0.27,8000.000133,0,619999997.292191,234421747.967712,0.000017,499.999993,16.1"
"AISI 347 Annealed Stainless Steel (SS) ,195000000983.245,0.27,8000.000133,77000001342.9146,654999998.529403,275000000.856262,0.000017,499.999993,16.3"
"AISI 4130 Steel, annealed at 865C ,205000000000,0,7850,80000000000,560000000,460000000,0,477,42.7"
"AISI 4130 Steel, normalized at 870C ,205000000000,0,7850,80000000000,731000000,460000000,0,477,42.7"
"AISI 4340 Steel, annealed ,205000000000,0,7850,80000000000,745000000,470000000,0.0000123,475,44.5"
"AISI 4340 Steel, normalized ,205000000000,0,7850,80000000000,1110000000,710000000,0.0000123,475,44.5"
"AISI Type A2 Tool Steel ,203000000000,0,7860,78000000000,0,0,0.000011,0,0"
"AISI Type 316L stainless steel ,200000000000,0,8027,82000000000,485000000,170000000,0.0000165,450,14.6"
"A286 Iron Base Superalloy ,201000000000,0,7920,77000000000,620000000,275000000,0.0000165,420,15.1"
"ASTM A36 Steel ,200000000000,0.26,7850,79300000000,400000000,250000000,0,0,0"
"Alloy Steel (SS) ,210000000528.513,0.28,7700.000118,78999998064.7303,723825616.994082,620421997.807077,0.000013,460,50"
"Cast Alloy Steel ,190000000000,0.26,7300,78000000000,448082500,241275200,0.000015,440,38"
"Cast Carbon Steel (SN) ,200000000000,0.32,7800,76000000000,482549000,248168000,0.000012,500,30"
"Cast Stainless Steel ,190000000000,0.26,7700,79000000000,0,0,0.000015,520,37"
"Chrome Stainless Steel ,200000000000,0.28,7800,77000000000,413613000,172339000,0.000011,460,18"
"Galvanized Steel ,200000000000,0,7870,0,356900674.542,203943242.596,0,0,0"
"Plain Carbon Steel ,210000000000,0.28,7800,79000000000,399826000,220594000,0.000013,440,43"
"Wrought Stainless Steel ,200000000000,0.26,8000,79000000000,517017000,206807000,0.000011,500,19"
"Stainless Steel (ferritic) ,200000000000,0.28,7800,77000000000,513613000,172339000,0.000011,460,18"
"1060 Alloy ,69000000000,0.33,2700,27000000000,68935600,27574200,0.000024,900,200"
"1060-O (SS) ,69000000000,0.33,2705,26000000000,70000000,30000000,0.000024,900,234"
"1060-H12 ,69000000000,0.33,2705,26000000000,85000000,75000000,0.0000236,900,230"
"1060-H12 Rod (SS) ,69000000000,0.33,2705,26000000000,85000000,57000000,0.000024,900,230"
"1060-H14 ,69000000000,0.33,2705,26000000000,95000000,90000000,0.0000236,900,230"
"1060-H16 ,69000000000,0.33,2705,26000000000,110000000,105000000,0.0000236,900,230"
"1060-H18 ,69000000000,0.33,2705,26000000000,130000000,125000000,0.0000236,900,230"
"1060-H18 Rod (SS) ,69000000000,0.33,2705,26000000000,130000000,108000000,0.000024,900,230"
"1100-O Rod (SS) ,68900000000,0.33,2710,26000000000,89600000,34500000,0.000024,904.00002,222"
"1100-H12 Rod (SS) ,68899999795.8328,0.33,2710.000001,26000000131.0994,109999998.963554,99284505.021619,0.000024,904.000021,219.999998"
"1100-H16 Rod (SS) ,68899999795.8328,0.33,2709.86221,26000000131.0994,130000000.655497,122726679.81839,0.000024,904.000021,219.999998"
"1100-H26 Rod (SS) ,69000000666.1372,0.33,2704.999986,26000000131.0994,130000000.655497,118589825.44249,0,900.000005,229.999998"
"1345 Alloy ,69000000000,0.33,2700,27000000000,82722700,27574200,0.000024,1000,220"
"1350 Alloy ,69000000000,0.33,2700,27000000000,82722700,27574200,0.000024,1000,230"
"201.0-T6 Insulated Mold Casting (SS) ,70999997000,0.33,2799.9999,23000000000,359000000,349000000,0.000035,963.00002,121"
"201.0-T7 Insulated Mold Casting (SS) ,70999997387.9529,0.33,2799.999867,23000000222.0457,344999997.102066,344000003.330686,0.000019,963.000016,121.000003"
"201.0-T43 Insulated Mold Casting (SS) ,70999997387.9529,0.33,2799.999867,23000000222.0457,273000000,225000000,0.000019,963.000016,121.000003"
"2014 Alloy ,73000000000,0.33,2800,28000000000,165445000,96509800,0.000023,960,160"
"2014-O ,72400000000,0.33,2800,28000000000,185000000,95000000,0.000023,880,192"
"2014-T4 ,72400000000,0.33,2800,28000000000,425000000,290000000,0.000023,880,134"
"2014-T6 ,72400000000,0.33,2800,28000000000,470000000,415000000,0.000023,880,155"
"2018 Alloy ,74000000000,0.33,2800,27000000000,420507000,317104000,0.000022,1000,150"
"2024 Alloy (SN) ,73000000000,0.33,2800,28000000000,186126000,758291000,0.000023,800,140"
"2024-O ,72400000000,0.33,2780,28000000000,185000000,75000000,0.0000232,875,193"
"2024-T3 ,72400000000,0.33,2780,28000000000,485000000,345000000,0.0000232,875,120"
"2024-T4 ,72400000000,0.33,2780,28000000000,470000000,325000000,0.0000232,875,120"
"2024-T361 ,72400000000,0.33,2780,28000000000,495000000,395000000,0.0000232,875,120"
"2219-O ,72000000000,0.33,2840,27000000000,170000000,70000000,0.0000223,864,170"
"2219-T31 ,72000000000,0.33,2840,27000000000,360000000,250000000,0.0000223,864,116"
"2219-T37 ,72000000000,0.33,2840,27000000000,395000000,315000000,0.0000223,864,116"
"2219-T62 ,72000000000,0.33,2840,27000000000,415000000,290000000,0.0000223,864,120"
"2219-T81 ,72000000000,0.33,2840,27000000000,455000000,350000000,0.0000223,864,120"
"2219-T87 ,72000000000,0.33,2840,27000000000,475000000,395000000,0.0000223,864,120"
"2618-T61 (SS) ,74499996822.1984,0.33,2760.000003,26999999870.9587,440999997.662501,371999996.996363,0.000022,874.999999,145.999999"
"3003 Alloy ,69000000000,0.33,2700,27000000000,110297000,41361300,0.000023,1000,170"
"3003-O ,69000000000,0.33,2730,25000000000,110000000,40000000,0.0000232,893,193"
"3003-O, Rod (SS) ,69000000666.1372,0.33,2730.000002,24999999701.7643,105000000,36000000,0.000023,893.000008,193.000002"
"3003-H12 ,69000000000,0.33,2730,25000000000,130000000,125000000,0.0000232,893,162"
"3003-H12, Rod (SS) ,69000000666.1372,0.33,2730.000002,24999999701.7643,130000000.655497,124999998.508822,0.000023,893.000008,161.999999"
"3003-H14 ,69000000000,0.33,2730,25000000000,150000000,145000000,0.0000232,893,159"
"3003-H14, Rod (SS) ,69000000666.1372,0.33,2730.000002,24999999701.7643,150000002.347441,145000000.200765,0.000023,893.000008,159.000002"
"3003-H16 ,69000000000,0.33,2730,25000000000,180000000,170000000,0.0000232,893,157"
"3003-H18 ,69000000000,0.33,2730,25000000000,200000000,185000000,0.0000232,893,155"
"3003-H18, Rod (SS) ,69000000666.1372,0.33,2730.000002,24999999701.7643,200000003.129921,184999996.689895,0.000023,893.000008,155.000002"
"3004-H34, Rod (SS) ,68899999795.8328,0.35,2720.000001,24999999701.7643,241000001.427337,200000003.129921,0.000024,893.000008,163.000002"
"3004-O, Rod (SS) ,68899999795.8328,0.35,2720.000001,24999999701.7643,178999999.629691,69000000.666137,0.000024,893.000008,163.000002"
"356.0-T6 Permanent Mold cast (SS) ,72400000000,0.33,2680,27200000000,228000000,152000000,0.000021,963,151"
"4032-T6 ,79000000000,0.34,2680,26000000000,380000000,315000000,0.0000194,850,138"
"5052-O ,70000000000,0.33,2680,25900000000,195000000,90000000,0.0000238,880,137"
"5052-O, Rod (SS) ,70000002474.4237,0.33,2679.999999,25899999950.2707,195000000.983246,72394951.578264,0.000024,880.000008,137.000003"
"5052-H32 ,70000000000,0.33,2680,25900000000,230000000,195000000,0.0000238,880,137"
"5052-H34 ,70000000000,0.33,2680,25900000000,260000000,215000000,0.0000238,880,137"
"5052-H36 ,70000000000,0.33,2680,25900000000,275000000,240000000,0.0000238,880,127"
"5052-H38 ,70000000000,0.33,2680,25900000000,290000000,255000000,0.0000238,880,137"
"5052-H38, Rod (SS) ,70000002474.4237,0.33,2679.999999,25899999950.2707,290000000.401531,254999999.164319,0.000024,880.000008,137.000003"
"5154-O, Rod (SS) ,70300000259.0067,0.33,2659.999998,25899999950.2707,241000001.427337,139274097.321994,0.000024,900.000005,125.000003"
"5086-H32, Rod (SS) ,70999997387.9529,0.33,2659.999998,26400000164.9382,290000000.401531,68947572.93168,0.000024,900.000005,125.000003"
"5454-O ,70000000000,0.33,2690,26000000000,250000000,115000000,0.0000236,900,134"
"5454-H32 ,70000000000,0.33,2690,26000000000,275000000,205000000,0.0000236,900,134"
"5454-H34 ,70000000000,0.33,2690,26000000000,305000000,240000000,0.0000236,900,134"
"5454-H111 ,70000000000,0.33,2690,26000000000,260000000,180000000,0.0000236,900,134"
"5454-H112 ,70000000000,0.33,2690,26000000000,250000000,125000000,0.0000236,900,134"
"6061 Alloy ,69000000000,0.33,2700,26000000000,124084000,55148500,0.000024,1300,170"
"6061-O (SS) ,69000000666.1372,0.33,2700,26000000131.0994,124999998.508822,62052815.638512,0.000024,895.999989,179.999998"
"6061-T4 (SS) ,69000000666.1372,0.33,2700,26000000131.0994,239999999.619051,227526990.674544,0.000024,895.999989,153.999999"
"6061-T6 (SS) ,69000000666.1372,0.33,2700,26000000131.0994,310000002.093474,275000000.856262,0.000024,895.999989,166.9"
"6063-O ,69000000000,0.33,2700,25800000000,90000000,50000000,0.0000234,900,218"
"6063-O, Extruded Rod (SS) ,69000000666.1372,0.33,2700,25799999769.4421,89999997.27161,41368543.759008,0.000023,900.000005,217.999998"
"6063-T1 ,69000000000,0.33,2700,25800000000,150000000,90000000,0.0000234,900,193"
"6063-T4 ,69000000000,0.33,2700,25800000000,170000000,90000000,0.0000234,900,200"
"6063-T5 ,69000000000,0.33,2700,25800000000,185000000,145000000,0.0000234,900,209"
"6063-T6 ,69000000000,0.33,2700,25800000000,240000000,215000000,0.0000234,900,209"
"6063-T6, Rod (SS) ,69000000666.1372,0.33,2700,25799999769.4421,239999999.619051,215000002.675189,0.000023,900.000005,209.000002"
"6063-T83 ,69000000000,0.33,2700,25800000000,255000000,240000000,0.0000234,900,201"
"7050-T73510 ,72000000000,0.33,2830,26900000000,495000000,435000000,0.0000236,860,155"
"7050-T7451 ,72000000000,0.33,2830,26900000000,525000000,470000000,0.0000236,860,157"
"7050-T7651 ,72000000000,0.33,2830,26900000000,550000000,490000000,0.0000236,860,153"
"7075-O (SS) ,71999999196.2394,0.33,2810.000061,26899999690.13,219999997.927107,94999999.418285,0.000024,959.999994,173.000002"
"7075-T6 (SN) ,72000000000,0.33,2810,26900000000,570000000,505000000,0.0000236,960,130"
"7075-T6, Plate (SS) ,71999999196.2394,0.33,2810.000061,26899999690.13,570000003.404469,505000003.07672,0.000024,959.999994,129.999999"
"7079 Alloy ,72000000000,0.33,2700,27000000000,0,505000000,0.000025,960,120"
"Alumina ,370000000000,0.22,3960,150000000000,300000000,0,0.0000074,850,30"
"AA356.0-F  ,72400000000,0.33,2680,27200000000,145000000,0,0.0000214,963,167"
"AA380.0-F die ,71000000000,0.33,2760,26500000000,317000000,159000000,0.0000212,963,109"
"C355.0-T61 Permanent Mold cast (SS) ,69600000000,0.33,2710,26500000000,276000000,207000000,0.000022,963,151"
"Aluminium Bronze ,110000000000,0.3,7400,43000000000,551485000,275742000,0.000017,380,56"
"Beryllium Copper, UNS C17000 ,115000000000,0.3,8260,50000000000,483000000,221000000,0.0000167,0,118"
"Beryllium Copper, UNS C17200 ,125000000000,0.3,8250,50000000000,469000000,172000000,0.0000167,0,105"
"Beryllium Copper, UNS C17300 ,125000000000,0.3,8250,50000000000,469000000,172000000,0.0000167,0,105"
"Beryllium S-65C, Vacuum Hot Pressed ,303000000000,0.07,1844,135000000000,290000000,207000000,0.0000115,0,216"
"Beryllium S-200F, Vacuum Hot Pressed ,303400000000,0.18,1850,135000000000,324000000,241000000,0.0000114,0,216.3"
"Brass ,100000000000,0.33,8500,37000000000,478413000,239689000,0.000018,390,110"
"Chromium Copper, UNS C18200 ,130000000000,0,8890,50000000000,234000000,97000000,0.0000176,0,171"
"Copper ,110000000000,0.37,8900,40000000000,394380000,258646000,0.000024,390,390"
"Commercial Bronze, UNS C22000 (90-10 Bronze) ,115000000000,0,8800,44000000000,255000000,69000000,0.0000184,0,189"
"Copper-Cobalt-Beryllium alloy, UNS C17500 ,125000000000,0,8750,0,310000000,172000000,0.0000176,0,0"
"Free-Cutting Brass, UNS C36000 ,97000000000,0,8490,37000000000,338000000,124000000,0.0000205,0,115"
"High-leaded brass, UNS C34200 ,105000000000,0,8500,39000000000,338000000,117000000,0.0000203,0,115"
"Leaded Commercial Bronze ,110000000000,0.37,8700,41000000000,255062000,82722700,0.000032,340,26"
"Manganese Bronze ,110000000000,0.37,8300,39000000000,448081000,206807000,0.000022,380,9.6"
"Nickel silver 65-12, UNS C75700 ,125000000000,0,8690,47000000000,359000000,124000000,0.0000162,0,40"
"Phosphor bronze 10% D, UNS C52400 ,110000000000,0,8780,41000000000,455000000,193000000,0.0000184,0,50"
"Tin Bearing Bronze ,1100000000000,0.33,8300,37000000000,261955000,110297000,0.000018,380,47"
"Wrought Copper ,110000000000,0.33,8400,40000000000,0,0,0.00002,380,230"
"Commercially Pure titanium (Ti-55)  UNS R50550* ,105000000000,0.37,4500,45000000000,440000000,377000000,0.000009,523,19.9"
"Commercially Pure CP-Ti UNS R50700  Grade 4 (SS) ,105000000000,0.37,4510,45000000000,550000000,500000000,0.000009,530,17.2"
"Commercially Pure CP-Ti UNS R50400 (SS) ,105000000000,0.37,4510,45000000000,344000000,370000000,0.000009,0,16.4"
"Commercially Pure Grade 2 Textured (SS) ,105000000000,0.33,4510,0,485000000,345000000,0.000009,0,21.79"
"Commercially Pure grade 2 longitudinal (SS) ,105000000000,0.33,4510,0,485000000,345000000,0.000009,0,21.79"
"Ti-3Al-8V-6Cr-4Mo-4Zr (SS) ,104000001903.349,0.33,4820.000081,39999999936.5084,1219999999.78719,1034213593.9752,0.000008,514.99998,6.2"
"Ti-5Al-2.5Sn Annealed (SS) ,110300000000,0.31,4480.0001,47999999923.8101,860999984.930014,744633790,0.000009,530.000009,7.8"
"Ti-6Al-2Sn-2Zr-2Mo-2Cr-0.25Si (SS) ,123000001787.006,0.33,4650.0001,45999999754.6157,1160000029.18515,1070000004.33451,0.000009,499.999993,7.8"
"Ti-6Al-4VSolution treated and aged (SS) ,104800310000,0.31,4428.784,41023807000,827370880,1050000000,0.000009,586.04,6.7"
"Ti-8Al-1Mo-1V annealed sheet (SS) ,120000003256.903,0.32,4369.99992,45999999754.6157,936999998.254157,930792234.57768,0.000008,501.99998,6"
"Ti-8Mn annealed sheet (SS) ,115000000000,0.33,4730,48999999663.6694,899999972.7161,792897.09,0.000009,494.999984,10.9"
"Ti-10V-2Fe-3Al Solution Treated Bar (SS) ,109999998963.553,0.33,4650.0001,40999999676.3677,1000000015.6496,827370875.18016,0.00001,524.999999,7.8"
"TIMETAL 35A CP Titanium (ASTM Grade 1) 99.1 Ti ,105000000000,0.34,4510,0,345000000,220000000,0.0000086,0,21.97"
"Titanium Ti-5Al-2.5Sn ,110300000000,0.31,4480,48000000000,861000000,827000000,0.0000094,530,7.8"
"Titanium Ti-8Al-1Mo-1V ,120000000000,0.32,4370,46000000000,937000000,910000000,0.0000085,502,6"
"Titanium Ti-8Mn, Annealed ,115000000000,0.33,4730,49000000000,900000000,810000000,0.0000086,495,10.9"
"Titanium Ti-13V-11Cr-3Al Solution Treated ,99000000000,0.3,4820,43000000000,990000000,830000000,0.00000967,545,6.9"
"Zinc AC43A (Zn-4Al-2.5Cu-0.04Mg; Number 2 Die Casting Alloy; Zamak 2), Die Cast ,85500000000,0.3,6600,0,358000000,0,0.0000278,418.7,104.7"
"Zinc AG40A (Zn-4Al-0.4Mg; Zamak 3), Cast ,85000000000,0.3,6600,0,285000000,0,0.0000274,420,113"
"Zinc AC41A Alloy, As Cast ,85000000000,0.3,6700,0,330000000,0,0.0000274,420,108.9"
"Zinc Alloy 7; AG40B; Zn-4Al-0.015Mg ,85000000000,0.3,6600,0,285000000,285000000,0.0000274,418.7,113"
"Duranickel&#174; 301 !-- Added &#174; which adds a registered trademark symbol -- ,210000000000,0.34,8200,77000000000,620420000,344678000,0.000015,590,24"
"Magnesium Alloy ,210000000000,0.34,8200,77000000000,0,0,0.000015,590,24"
"Monel&#174; 400 !-- Added &#174; which adds a registered trademark symbol -- ,180000000000,0.34,8800,67000000000,448081000,220594000,0.000014,430,22"
"Nylon 101 ,1000000000,0.3,1150,0,79289709,60000000,0.000001,1500,0.53"
"ABS ,2000000000,0.394,1020,318900000,30000000,0,0,1386,0.2256"
"ABS PC ,2410000000,0.3897,1070,862200000,40000000,0,0,1900,0.2618"
"Acrylic (Medium-high impact) ,2400000000,0.35,1200,890000000,48700000,48400000,0.000052,1500,0.21"
"Delrin 2700 NC010, Low Viscosity Acetal Copolymer (SS) ,2900000000,0.3,141,0,40700000,63000000,0,0,0"
"Nylon 610 ,8300000000,0.28,1400,3200000000,62100000,68900000,0.00003,1500,0.53"
"PA Type 6 ,2620000000,0.34,1120,970400000,90000000,0,0,1601,0.233"
"PBT General Purpose ,1930000000,0.3902,1300,690200000,56500000,0,0,1421,0.2741"
"PC High Viscosity ,2320000000,0.3912,1190,829100000,62700000,0,0,1535,0.189"
"PE High Density ,1070000000,0.4101,952,377200000,22100000,0,0,1796,0.461"
"PE LowMedium Density ,172000000,0.439,917,59400000,13270000,0,0,1842,0.322"
"POM Acetal Copolymer ,2600000000,0.3859,1390,932800000,71500000,60600000,0,1378,0.221"
"PP Copolymer ,896000000,0.4103,890,315800000,27600000,0,0,1881,0.147"
"PS MediumHigh Flow ,2280000000,0.387,1040,817300000,35900000,0,0,1691,0.121"
"PVC 0.007 Plasticized ,6000000,0.47,1290,2000000,13000000,0,0,1600,0.16"
"PVC Rigid ,2410000000,0.3825,1300,866700000,40700000,0,0,1355,0.147"
"Very Low Density PE (SS) ,172368932.3292,0.3,905.000005,0,34000000.118401,6894757.293168,0,1841.999989,0.322"
"Perspex (TM) GS Acrylic Cast Sheet ,0,0,1190,0,75000000,0,0,0,0"
"PTFE (general) ,0,0,2320,0,7580000,0,0,0,0"
"Beryllium (Be) ,303000000000,0.7,1844,135000000000,370000000,240000000,0.0000115,0,216"
"Cobalt (Co) ,211000000000,0.31,8900,88000000000,235000000,0,0.000012,410,69"
"Molybdenum (Mo) ,320000000000,0.38,10000,120000000000,500000000,325000000,0.000005,270,150"
"Nickel (Ni) ,210000000000,0.31,8500,79000000000,317000000,59000000,0.000017,460,43"
"Pure Gold ,78000000000,0.42,19000,26000000000,103000000,0,0.000014,130,300"
"Pure Lead (Pb) ,14000000000,0.4,11000,49000000000,0,0,0.000053,130,35"
"Pure Silver (Ag) ,71000000000,0.37,11000,25000000000,125000000,0,0.00002,230,420"
"Titanium (Ti) ,110000000000,0.3,4600,43000000000,235000000,140000000,0.0000088,460,22"
"Tungsten (W) ,400000000000,0.28,19000,160000000000,310000000,750000000,0.0000045,130,200"
"Vanadium (V) ,140000000000,0.36,6100,51000000000,53000000,0,0.0000083,500,31"
"Zirconium (Zr) ,99000000000,0.34,6600,36000000000,350000000,59000000,0.000011,290,1.7"
"Air£¨¿ÕÆø£© ,0,0,1.1,0,0,0,0,1000,0.027"
"Ceramic Porcelain£¨ÌÕ´É£© ,220590000000,0.22,2300,90407000000,172340000,0,0.0000108,877.96,1.4949"
"Glass£¨²£Á§£© ,68935000000,0.23,2457.6,28022000000,0,0,0.000009,834.61,0.74976"
"Rubber£¨Ïð½º£© ,6100000,0.49,1000,2900000,13787100,9237370,0.00067,0,0.14"
"Water£¨Ë®£© ,0,0,1000,0,0,0,0,4200,0.61"
